5 11
1
2
3
4
5
1 0 4
2 0 4
1 0 3
3 1 5
1 1 3
1 1 4
1 2 3
2 0 3
2 1 4
2 1 3
2 2 4

001
101
011
100
101




/*

3, 1, 7, 4, 5, 8, 5, 7
0011
0001
0111
0100
0101
1000
0101
0111

3 0 6
0110
0001
0111
0100
0101
1000
0101
0111

1 0 5 -> 1001 = 9
1 5 5 -> 1000 = 8
2 4 7 -> 1000 = 8
1 1 3 -> 0010 = 2
...
       9
   1       8
 2   3   13  5
3 1 7 4 5  8  5

3 0 6
       12
   4       8
 7   3   13  5
6 1 7 4 5  8  5

1 0 5 -> 9
1 5 5 -> 8
2 4 6 -> 8
1 1 3 -> 2
3 1 3
       14
   6       8
 5   3   13  5
6 3 7 4 5  8  5

1 6 6 -> 5
1 6 6 -> 5
1 3 6 -> 12
3 1 2

*/
     1
   4   5
 3   7  5
1 2 3 4  5

     0
   1   2
 3   4  5
7 8 9 10 11

1 4 5 3 7 5 0 1 2 3 4 5